100
0, 0.0758928571429
100, 0.0491071428571
200, 0.111607142857
300, 0.0669642857143
400, 0.0892857142857
500, 0.102678571429
600, 0.0580357142857
700, 0.0669642857143
800, 0.0267857142857
900, 0.00892857142857
1000, 0.0401785714286
1100, 0.00446428571429
1200, 0.0133928571429
1300, 0.00446428571429
1400, 0.0580357142857
1500, 0.00892857142857
1600, 0.120535714286
1700, 0.0982142857143
1800, 0.138392857143
1900, 0.09375
2000, 0.0803571428571
2100, 0.0758928571429
2200, 0.111607142857
2300, 0.111607142857
2400, 0.178571428571
2500, 0.116071428571
2600, 0.120535714286
2700, 0.151785714286
2800, 0.147321428571
2900, 0.129464285714
3000, 0.151785714286
3100, 0.111607142857
3200, 0.0580357142857
3300, 0.0803571428571
3400, 0.111607142857
3500, 0.142857142857
3600, 0.0758928571429
3700, 0.0669642857143
3800, 0.0714285714286
3900, 0.00446428571429
4000, 0.0133928571429
4100, 0.0491071428571
4200, 0.0401785714286
4300, 0.0491071428571
4400, 0.0267857142857
4500, 0.0357142857143
4600, 0.102678571429
4700, 0.116071428571
4800, 0.0848214285714
4900, 0.0848214285714
5000, 0.0446428571429
5100, 0.0267857142857
5200, 0.0223214285714
5300, 0.00446428571429
5400, 0.00446428571429
5500, 0.00892857142857
5600, 0.0491071428571
5700, 0.191964285714
5800, 0.0892857142857
5900, 0.0223214285714
6000, 0.0714285714286
6100, 0.0714285714286
6200, 0.0758928571429
6300, 0.0357142857143
6400, 0.133928571429
6500, 0.0803571428571
6600, 0.0669642857143
6700, 0.102678571429
6800, 0.09375
6900, 0.0223214285714
7000, 0.0133928571429
7100, 0.0535714285714
7200, 0.0178571428571
7300, 0.00446428571429
7400, 0.0133928571429
7500, 0.0178571428571
7600, 0.116071428571
7700, 0.133928571429
7800, 0.111607142857
7900, 0.0982142857143
8000, 0.09375
8100, 0.0669642857143
8200, 0.0357142857143
8300, 0.0714285714286
8400, 0.0178571428571
8500, 0.00446428571429
8600, 0.00446428571429
8700, 0.00446428571429
8800, 0.0982142857143
8900, 0.00892857142857
9000, 0.0446428571429
9100, 0.0357142857143
9200, 0.0535714285714
9300, 0.0491071428571
9400, 0.0580357142857
9500, 0.0535714285714
9600, 0.0580357142857
9700, 0.0714285714286
9800, 0.03125
9900, 0.0446428571429
10000, 0.0223214285714
10100, 0.0669642857143
10200, 0.0535714285714
10300, 0.0133928571429
10400, 0.0491071428571
10500, 0.0133928571429
10600, 0.00446428571429
10700, 0.03125
10800, 0.00892857142857
10900, 0.0580357142857
11000, 0.0446428571429
11100, 0.0446428571429
11200, 0.1875
11300, 0.0848214285714
11400, 0.0267857142857
11500, 0.00892857142857
11600, 0.0446428571429
11700, 0.03125
11800, 0.0178571428571
11900, 0.00892857142857
12000, 0.0223214285714
12100, 0.03125
12200, 0.0178571428571
12300, 0.0133928571429
12400, 0.0223214285714
12500, 0.0580357142857
12600, 0.0714285714286
12700, 0.03125
12800, 0.0178571428571
12900, 0.0133928571429
13000, 0.0133928571429
13100, 0.0758928571429
13200, 0.00892857142857
13300, 0.0267857142857
13400, 0.0133928571429
13500, 0.00446428571429
13600, 0.0491071428571
13700, 0.00446428571429
13800, 0.0178571428571
13900, 0.0133928571429
14000, 0.00892857142857
14100, 0.0892857142857
14200, 0.0178571428571
14300, 0.00446428571429
14400, 0.0133928571429
14500, 0.00446428571429
14600, 0.0223214285714
14700, 0.00892857142857
14800, 0.0625
14900, 0.0357142857143
15000, 0.0223214285714
15100, 0.0223214285714
15200, 0.0133928571429
15300, 0.0401785714286
15400, 0.00446428571429
15500, 0.0357142857143
15600, 0.00892857142857
15700, 0.0401785714286
15800, 0.0580357142857
15900, 0.03125
16000, 0.0133928571429
16100, 0.0267857142857
16200, 0.0401785714286
16300, 0.0491071428571
16400, 0.0401785714286
16500, 0.0848214285714
16600, 0.165178571429
16700, 0.0580357142857
16800, 0.0401785714286
16900, 0.0803571428571
17000, 0.0714285714286
17100, 0.0982142857143
17200, 0.0446428571429
17300, 0.0803571428571
17400, 0.0133928571429
17500, 0.0580357142857
17600, 0.0669642857143
17700, 0.0267857142857
17800, 0.03125
17900, 0.00446428571429
18000, 0.0267857142857
18100, 0.00446428571429
18200, 0.00892857142857
18300, 0.0401785714286
18400, 0.0491071428571
18500, 0.0446428571429
18600, 0.0848214285714
18700, 0.0133928571429
18800, 0.0580357142857
18900, 0.0491071428571
19000, 0.00446428571429
19100, 0.0401785714286
19200, 0.0535714285714
19300, 0.0357142857143
19400, 0.00446428571429
19500, 0.09375
19600, 0.0535714285714
19700, 0.107142857143
19800, 0.0669642857143
19900, 0.111607142857
20000, 0.0982142857143
20100, 0.0491071428571
20200, 0.03125
20300, 0.0625
20400, 0.0178571428571
20500, 0.03125
20600, 0.0982142857143
20700, 0.0714285714286
20800, 0.00892857142857
20900, 0.03125
21000, 0.0848214285714
21100, 0.0446428571429
21200, 0.0446428571429
21300, 0.0267857142857
21400, 0.0223214285714
21500, 0.0357142857143
21600, 0.0133928571429
21700, 0.0267857142857
21800, 0.00446428571429
21900, 0.00446428571429
22000, 0.00446428571429
22100, 0.00446428571429
22200, 0.00446428571429
22300, 0.00446428571429
22400, 0.00446428571429
22500, 0.00446428571429
22600, 0.03125
22700, 0.03125
22800, 0.00892857142857
22900, 0.00446428571429
23000, 0.00892857142857
23100, 0.0446428571429
23200, 0.0178571428571
23300, 0.0580357142857
23400, 0.0892857142857
23500, 0.0401785714286
23600, 0.0580357142857
23700, 0.00892857142857
23800, 0.0669642857143
23900, 0.0848214285714
24000, 0.0178571428571
24100, 0.0357142857143
24200, 0.0580357142857
24300, 0.0714285714286
24400, 0.0491071428571
24500, 0.0267857142857
24600, 0.03125
24700, 0.0178571428571
24800, 0.0758928571429
24900, 0.0133928571429
25000, 0.0669642857143
25100, 0.120535714286
25200, 0.0267857142857
25300, 0.0669642857143
25400, 0.0491071428571
25500, 0.0357142857143
25600, 0.0758928571429
25700, 0.0446428571429
25800, 0.0758928571429
25900, 0.0892857142857
26000, 0.09375
26100, 0.129464285714
26200, 0.0714285714286
26300, 0.0223214285714
26400, 0.0267857142857
26500, 0.09375
26600, 0.09375
26700, 0.0491071428571
26800, 0.0223214285714
26900, 0.160714285714
27000, 0.0803571428571
27100, 0.0535714285714
27200, 0.0491071428571
27300, 0.129464285714
27400, 0.0982142857143
27500, 0.0133928571429
27600, 0.0625
27700, 0.0223214285714
27800, 0.0892857142857
27900, 0.196428571429
28000, 0.236607142857
28100, 0.151785714286
28200, 0.200892857143
28300, 0.142857142857
28400, 0.254464285714
28500, 0.236607142857
28600, 0.0758928571429
28700, 0.0982142857143
28800, 0.116071428571
28900, 0.169642857143
29000, 0.111607142857
29100, 0.1875
29200, 0.102678571429
29300, 0.0892857142857
29400, 0.09375
29500, 0.107142857143
29600, 0.0491071428571
29700, 0.0892857142857
29800, 0.133928571429
29900, 0.200892857143
30000, 0.165178571429
30100, 0.174107142857
30200, 0.165178571429
30300, 0.339285714286
30400, 0.214285714286
30500, 0.0625
30600, 0.160714285714
30700, 0.160714285714
30800, 0.178571428571
30900, 0.325892857143
31000, 0.3125
31100, 0.325892857143
31200, 0.294642857143
31300, 0.308035714286
31400, 0.232142857143
31500, 0.290178571429
31600, 0.285714285714
31700, 0.227678571429
31800, 0.330357142857
31900, 0.147321428571
32000, 0.3125
32100, 0.290178571429
32200, 0.433035714286
32300, 0.540178571429
32400, 0.410714285714
32500, 0.477678571429
32600, 0.424107142857
32700, 0.415178571429
32800, 0.316964285714
32900, 0.236607142857
33000, 0.348214285714
33100, 0.227678571429
33200, 0.254464285714
33300, 0.482142857143
33400, 0.325892857143
33500, 0.325892857143
33600, 0.40625
33700, 0.272321428571
33800, 0.464285714286
33900, 0.535714285714
34000, 0.361607142857
34100, 0.263392857143
34200, 0.473214285714
34300, 0.191964285714
34400, 0.276785714286
34500, 0.415178571429
34600, 0.473214285714
34700, 0.607142857143
34800, 0.553571428571
34900, 0.589285714286
35000, 0.517857142857
35100, 0.459821428571
35200, 0.410714285714
35300, 0.464285714286
35400, 0.330357142857
35500, 0.290178571429
35600, 0.366071428571
35700, 0.410714285714
35800, 0.450892857143
35900, 0.352678571429
36000, 0.3125
36100, 0.446428571429
36200, 0.325892857143
36300, 0.290178571429
36400, 0.21875
36500, 0.441964285714
36600, 0.580357142857
36700, 0.53125
36800, 0.366071428571
36900, 0.290178571429
37000, 0.209821428571
37100, 0.375
37200, 0.339285714286
37300, 0.303571428571
37400, 0.473214285714
37500, 0.602678571429
37600, 0.428571428571
37700, 0.334821428571
37800, 0.361607142857
37900, 0.3125
38000, 0.455357142857
38100, 0.348214285714
38200, 0.348214285714
38300, 0.352678571429
38400, 0.290178571429
38500, 0.517857142857
38600, 0.540178571429
38700, 0.553571428571
38800, 0.375
38900, 0.415178571429
39000, 0.361607142857
39100, 0.433035714286
39200, 0.53125
39300, 0.40625
39400, 0.34375
39500, 0.486607142857
39600, 0.446428571429
39700, 0.232142857143
39800, 0.392857142857
39900, 0.316964285714
40000, 0.388392857143
40100, 0.334821428571
40200, 0.53125
40300, 0.316964285714
40400, 0.316964285714
40500, 0.464285714286
40600, 0.339285714286
40700, 0.397321428571
40800, 0.526785714286
40900, 0.299107142857
41000, 0.3125
41100, 0.549107142857
41200, 0.325892857143
41300, 0.455357142857
41400, 0.522321428571
41500, 0.616071428571
41600, 0.5
41700, 0.473214285714
41800, 0.571428571429
41900, 0.419642857143
42000, 0.495535714286
42100, 0.352678571429
42200, 0.59375
42300, 0.544642857143
42400, 0.236607142857
42500, 0.410714285714
42600, 0.464285714286
42700, 0.598214285714
42800, 0.785714285714
42900, 0.709821428571
43000, 0.607142857143
43100, 0.6875
43200, 0.553571428571
43300, 0.558035714286
43400, 0.410714285714
43500, 0.397321428571
43600, 0.535714285714
43700, 0.285714285714
43800, 0.375
43900, 0.727678571429
44000, 0.522321428571
44100, 0.285714285714
44200, 0.290178571429
44300, 0.294642857143
44400, 0.424107142857
44500, 0.611607142857
44600, 0.428571428571
44700, 0.388392857143
44800, 0.34375
44900, 0.441964285714
45000, 0.508928571429
45100, 0.834821428571
45200, 0.691964285714
45300, 0.459821428571
45400, 0.540178571429
45500, 0.580357142857
45600, 0.651785714286
45700, 0.375
45800, 0.419642857143
45900, 0.508928571429
46000, 0.709821428571
46100, 0.584821428571
46200, 0.459821428571
46300, 0.526785714286
46400, 0.241071428571
46500, 0.3125
46600, 0.375
46700, 0.450892857143
46800, 0.504464285714
46900, 0.526785714286
47000, 0.40625
47100, 0.464285714286
47200, 0.616071428571
47300, 0.598214285714
47400, 0.491071428571
47500, 0.504464285714
47600, 0.397321428571
47700, 0.397321428571
47800, 0.46875
47900, 0.660714285714
48000, 0.352678571429
48100, 0.616071428571
48200, 0.482142857143
48300, 0.59375
48400, 0.540178571429
48500, 0.6875
48600, 0.495535714286
48700, 0.602678571429
48800, 0.450892857143
48900, 0.584821428571
49000, 0.558035714286
49100, 0.397321428571
49200, 0.473214285714
49300, 0.491071428571
49400, 0.665178571429
49500, 0.522321428571
49600, 0.464285714286
49700, 0.825892857143
49800, 0.540178571429
49900, 0.486607142857
50000, 0.638392857143
50100, 0.65625
50200, 0.459821428571
50300, 0.517857142857
50400, 0.647321428571
50500, 0.598214285714
50600, 0.651785714286
50700, 0.450892857143
50800, 0.428571428571
50900, 0.46875
51000, 0.464285714286
51100, 0.732142857143
51200, 0.723214285714
51300, 0.732142857143
51400, 0.696428571429
51500, 0.607142857143
51600, 0.883928571429
51700, 0.602678571429
51800, 0.732142857143
51900, 0.696428571429
52000, 0.517857142857
52100, 0.758928571429
52200, 0.59375
52300, 0.491071428571
52400, 1.0
52500, 0.65625
52600, 0.575892857143
52700, 0.513392857143
52800, 0.441964285714
52900, 0.71875
53000, 0.522321428571
53100, 0.607142857143
53200, 0.504464285714
53300, 0.446428571429
53400, 0.410714285714
53500, 0.348214285714
53600, 0.59375
53700, 0.620535714286
53800, 0.397321428571
53900, 0.441964285714
54000, 0.308035714286
54100, 0.544642857143
54200, 0.441964285714
54300, 0.848214285714
54400, 0.53125
54500, 0.491071428571
54600, 0.535714285714
54700, 0.53125
54800, 0.924107142857
54900, 0.879464285714
55000, 0.607142857143
55100, 0.446428571429
55200, 0.540178571429
55300, 0.401785714286
55400, 0.553571428571
55500, 0.366071428571
55600, 0.397321428571
55700, 0.482142857143
55800, 0.397321428571
55900, 0.544642857143
56000, 0.486607142857
56100, 0.4375
56200, 0.450892857143
56300, 0.584821428571
56400, 0.6875
56500, 0.53125
56600, 0.236607142857
56700, 0.607142857143
56800, 0.513392857143
56900, 0.415178571429
57000, 0.535714285714
57100, 0.65625
57200, 0.491071428571
57300, 0.388392857143
57400, 0.46875
57500, 0.508928571429
57600, 0.508928571429
57700, 0.772321428571
57800, 0.674107142857
57900, 0.526785714286
58000, 0.669642857143
58100, 0.665178571429
58200, 0.794642857143
58300, 0.558035714286
58400, 0.504464285714
58500, 0.392857142857
58600, 0.4375
58700, 0.415178571429
58800, 0.491071428571
58900, 0.580357142857
59000, 0.625
59100, 0.566964285714
59200, 0.714285714286
59300, 0.5625
59400, 0.767857142857
59500, 0.482142857143
59600, 0.84375
59700, 0.392857142857
59800, 0.602678571429
59900, 0.357142857143
60000, 0.428571428571
60100, 0.321428571429
60200, 0.580357142857
60300, 0.3125
60400, 0.566964285714
60500, 0.258928571429
60600, 0.446428571429
60700, 0.263392857143
60800, 0.321428571429
60900, 0.366071428571
61000, 0.383928571429
61100, 0.321428571429
61200, 0.540178571429
61300, 0.575892857143
61400, 0.299107142857
61500, 0.642857142857
61600, 0.46875
61700, 0.366071428571
61800, 0.330357142857
61900, 0.4375
62000, 0.245535714286
62100, 0.25
62200, 0.361607142857
62300, 0.589285714286
62400, 0.433035714286
62500, 0.513392857143
62600, 0.339285714286
62700, 0.379464285714
62800, 0.214285714286
62900, 0.276785714286
63000, 0.459821428571
63100, 0.352678571429
63200, 0.370535714286
63300, 0.223214285714
63400, 0.34375
63500, 0.241071428571
63600, 0.245535714286
63700, 0.508928571429
63800, 0.379464285714
63900, 0.290178571429
64000, 0.28125
64100, 0.40625
64200, 0.40625
64300, 0.316964285714
64400, 0.330357142857
64500, 0.330357142857
64600, 0.424107142857
64700, 0.446428571429
64800, 0.165178571429
64900, 0.236607142857
65000, 0.227678571429
65100, 0.254464285714
65200, 0.227678571429
65300, 0.116071428571
65400, 0.129464285714
65500, 0.125
65600, 0.151785714286
65700, 0.209821428571
65800, 0.352678571429
65900, 0.316964285714
66000, 0.120535714286
66100, 0.160714285714
66200, 0.178571428571
66300, 0.254464285714
66400, 0.174107142857
66500, 0.205357142857
66600, 0.227678571429
66700, 0.209821428571
66800, 0.178571428571
66900, 0.169642857143
67000, 0.205357142857
67100, 0.299107142857
67200, 0.191964285714
67300, 0.125
67400, 0.165178571429
67500, 0.267857142857
67600, 0.357142857143
67700, 0.330357142857
67800, 0.214285714286
67900, 0.223214285714
68000, 0.388392857143
68100, 0.183035714286
68200, 0.330357142857
68300, 0.441964285714
68400, 0.205357142857
68500, 0.0848214285714
68600, 0.263392857143
68700, 0.330357142857
68800, 0.196428571429
68900, 0.0669642857143
69000, 0.129464285714
69100, 0.272321428571
69200, 0.151785714286
69300, 0.200892857143
69400, 0.205357142857
69500, 0.116071428571
69600, 0.138392857143
69700, 0.160714285714
69800, 0.169642857143
69900, 0.334821428571
70000, 0.147321428571
70100, 0.0982142857143
70200, 0.191964285714
70300, 0.1875
70400, 0.191964285714
70500, 0.25
70600, 0.227678571429
70700, 0.125
70800, 0.254464285714
70900, 0.285714285714
71000, 0.160714285714
71100, 0.236607142857
71200, 0.191964285714
71300, 0.142857142857
71400, 0.169642857143
71500, 0.205357142857
71600, 0.142857142857
71700, 0.147321428571
71800, 0.178571428571
71900, 0.214285714286
72000, 0.205357142857
72100, 0.1875
72200, 0.267857142857
72300, 0.116071428571
72400, 0.111607142857
72500, 0.107142857143
72600, 0.200892857143
72700, 0.21875
72800, 0.214285714286
72900, 0.165178571429
73000, 0.0535714285714
73100, 0.0267857142857
73200, 0.142857142857
73300, 0.142857142857
73400, 0.191964285714
73500, 0.183035714286
73600, 0.214285714286
73700, 0.196428571429
73800, 0.28125
73900, 0.165178571429
74000, 0.116071428571
74100, 0.0848214285714
74200, 0.0401785714286
74300, 0.15625
74400, 0.214285714286
74500, 0.383928571429
74600, 0.21875
74700, 0.236607142857
74800, 0.138392857143
74900, 0.125
75000, 0.0669642857143
75100, 0.0848214285714
75200, 0.0758928571429
75300, 0.178571428571
75400, 0.160714285714
75500, 0.263392857143
75600, 0.125
75700, 0.223214285714
75800, 0.133928571429
75900, 0.214285714286
76000, 0.09375
76100, 0.111607142857
76200, 0.125
76300, 0.09375
76400, 0.0669642857143
76500, 0.0892857142857
76600, 0.102678571429
76700, 0.00446428571429
76800, 0.0580357142857
76900, 0.0982142857143
77000, 0.133928571429
77100, 0.129464285714
77200, 0.0714285714286
77300, 0.107142857143
77400, 0.174107142857
77500, 0.183035714286
77600, 0.254464285714
77700, 0.0982142857143
77800, 0.120535714286
77900, 0.205357142857
78000, 0.205357142857
78100, 0.191964285714
78200, 0.138392857143
78300, 0.0580357142857
78400, 0.0401785714286
78500, 0.0580357142857
78600, 0.0625
78700, 0.102678571429
78800, 0.0714285714286
78900, 0.160714285714
79000, 0.294642857143
79100, 0.214285714286
79200, 0.129464285714
79300, 0.133928571429
79400, 0.200892857143
79500, 0.133928571429
79600, 0.151785714286
79700, 0.03125
79800, 0.102678571429
79900, 0.0669642857143
80000, 0.125
80100, 0.125
80200, 0.142857142857
80300, 0.0803571428571
80400, 0.129464285714
80500, 0.200892857143
80600, 0.0714285714286
80700, 0.0803571428571
80800, 0.0491071428571
80900, 0.0758928571429
81000, 0.102678571429
81100, 0.142857142857
81200, 0.116071428571
81300, 0.09375
81400, 0.0669642857143
81500, 0.138392857143
81600, 0.0982142857143
81700, 0.0491071428571
81800, 0.102678571429
81900, 0.0580357142857
82000, 0.214285714286
82100, 0.236607142857
82200, 0.196428571429
82300, 0.526785714286
82400, 0.245535714286
82500, 0.205357142857
82600, 0.272321428571
82700, 0.138392857143
82800, 0.102678571429
82900, 0.111607142857
83000, 0.169642857143
83100, 0.183035714286
83200, 0.258928571429
83300, 0.178571428571
83400, 0.133928571429
83500, 0.200892857143
83600, 0.196428571429
83700, 0.196428571429
83800, 0.25
83900, 0.165178571429
84000, 0.116071428571
84100, 0.0982142857143
84200, 0.0848214285714
84300, 0.0803571428571
84400, 0.169642857143
84500, 0.116071428571
84600, 0.138392857143
84700, 0.147321428571
84800, 0.21875
84900, 0.165178571429
85000, 0.125
85100, 0.276785714286
85200, 0.267857142857
85300, 0.0669642857143
85400, 0.09375
85500, 0.0535714285714
85600, 0.116071428571
85700, 0.15625
85800, 0.200892857143
85900, 0.111607142857
86000, 0.178571428571
86100, 0.223214285714
86200, 0.107142857143
