300
0, 0.000420556817226
300, 0.902150447192
600, 0.858524686685
900, 0.894748647209
1200, 0.861720918496
1500, 0.849496733675
1800, 0.854515378361
2100, 0.890122522219
2400, 0.868309641966
2700, 0.875683404828
3000, 0.927215633499
3300, 0.850842515491
3600, 0.821459612527
3900, 0.838309922337
4200, 0.86303866319
4500, 0.874085288923
4800, 0.834805282194
5100, 0.847057504135
5400, 0.846300501864
5700, 0.842122970813
6000, 0.844113606415
6300, 0.811422323156
6600, 0.81397370118
6900, 0.814254072392
7200, 0.78882440351
7500, 0.757955533126
7800, 0.817786749657
8100, 0.869038607116
8400, 0.785572097457
8700, 0.808506462556
9000, 0.790114111083
9300, 0.803599966355
9600, 0.841534191269
9900, 0.838057588247
10200, 0.894300053271
10500, 0.871309613929
10800, 0.829225895085
11100, 0.896066391903
11400, 0.955028457678
11700, 0.846580873076
12000, 0.92749600471
12300, 0.853337819273
12600, 0.796702834553
12900, 0.841702413996
13200, 0.887346847226
13500, 0.81517929739
13800, 0.779684302016
14100, 0.80688030953
14400, 0.77808618611
14700, 0.807525163316
15000, 0.863431182886
15300, 0.831833347352
15600, 0.774189026271
15900, 0.798637395912
16200, 0.859169540472
16500, 0.773347912636
16800, 0.858917206381
17100, 0.694984159027
17400, 0.786244988365
17700, 0.818095157989
18000, 0.840889337483
18300, 0.840496817787
18600, 0.858020018505
18900, 0.811814842852
19200, 0.807805534528
19500, 0.884206689657
19800, 0.832450164017
20100, 0.818515714806
20400, 0.885580508593
20700, 0.955168643284
21000, 0.86500126167
21300, 0.881010457846
21600, 0.913056887319
21900, 0.957776095551
22200, 1.0
