300
0, 0.0203876871212
300, 0.744070313441
600, 0.77681903921
900, 0.786812216559
1200, 0.756351085604
1500, 0.705141068347
1800, 0.704940402135
2100, 0.761969739535
2400, 0.735883131998
2700, 0.714813179757
3000, 0.714492113818
3300, 0.671509411245
3600, 0.742745916443
3900, 0.784002889593
4200, 0.796404061484
4500, 0.701930408958
4800, 0.743307781836
5100, 0.746036842316
5400, 0.776377573544
5700, 0.752739093791
6000, 0.72436489144
6300, 0.717221174299
6600, 0.774732110607
6900, 0.788738612192
7200, 0.770277320705
7500, 0.86218244572
7800, 0.814223221094
8100, 1.0
8400, 0.790986073765
8700, 0.75153509652
9000, 0.737127262512
9300, 0.745394710439
9600, 0.828149456195
9900, 0.869125496649
10200, 0.736003531725
10500, 0.78496608741
10800, 0.708311594494
11100, 0.778745434844
11400, 0.937954007304
11700, 0.834169442549
12000, 0.71894690372
12300, 0.781153429386
12600, 0.793675001003
12900, 0.797286992816
13200, 0.735923265241
13500, 0.732752739094
13800, 0.786571417105
14100, 0.861058714934
14400, 0.761889473051
14700, 0.749729100614
15000, 0.708231328009
15300, 0.769795721796
15600, 0.808484167436
15900, 0.768993056949
16200, 0.741260986475
16500, 0.789420877313
16800, 0.825741461653
17100, 0.781956094233
17400, 0.754384556728
17700, 0.775414375727
18000, 0.826624392985
18300, 0.752939760003
18600, 0.829955452101
18900, 0.818958943693
19200, 0.845567283381
19500, 0.792109804551
19800, 0.792551270217
20100, 0.81330015652
20400, 0.81109282819
20700, 0.91190753301
21000, 0.885058393868
21300, 0.875145483004
21600, 0.848216077377
21900, 0.759040012843
22200, 0.730184211582
