300
0, 0.0209631437887
300, 0.694958944332
600, 0.681489953738
900, 0.669898769183
1200, 0.688164700661
1500, 0.710817869885
1800, 0.660168319705
2100, 0.681319244098
2400, 0.871165434712
2700, 0.551818911214
3000, 0.659536694037
3300, 0.657385752573
3600, 0.710169173253
3900, 0.671930213899
4200, 0.661636422609
4500, 0.695266221684
4800, 0.843971389064
5100, 0.600761364994
5400, 0.665631028184
5700, 0.685894262449
6000, 0.685228494853
6300, 0.699807098107
6600, 0.711961624473
6900, 0.676966148278
7200, 0.737789993001
7500, 0.662967957801
7800, 0.748578842247
8100, 0.650540296011
8400, 0.722938254323
8700, 0.719711842128
9000, 0.747964287543
9300, 0.771846566176
9600, 0.71737312006
9900, 0.864729681285
10200, 0.85851585039
10500, 0.883985728674
10800, 0.882654193482
11100, 0.838440396729
11400, 0.848836613804
11700, 1.0
12000, 0.774185288243
12300, 0.875006401611
12600, 0.955137506615
12900, 0.796855528432
13200, 0.862698236569
13500, 0.75525358917
13800, 0.749603100087
14100, 0.829170863279
14400, 0.835674900562
14700, 0.749005616347
15000, 0.81025623517
15300, 0.782686628314
15600, 0.703340787654
15900, 0.68248006965
16200, 0.686286894621
16500, 0.734153877669
16800, 0.718516874648
17100, 0.792331722972
17400, 0.7154099592
17700, 0.697895150139
18000, 0.666996705304
18300, 0.678451322146
18600, 0.751293125523
18900, 0.665170112156
19200, 0.676112600079
19500, 0.644480103791
19800, 0.653049727718
20100, 0.669130575804
20400, 0.750388364431
20700, 0.622475631199
21000, 0.69465166698
21300, 0.718807081036
21600, 0.659570835965
21900, 0.661038938869
22200, 0.70750610287
