300
0, 0.0035736904008
300, 0.759386591876
600, 0.710123948249
900, 0.684429566633
1200, 0.820840495793
1500, 0.904053198227
1800, 0.9656654302
2100, 0.971274767032
2400, 0.945716095178
2700, 0.904776983624
3000, 0.894689224645
3300, 0.931557043337
3600, 0.908418528906
3900, 1.0
4200, 0.635664525468
4500, 0.836107844024
4800, 0.896159413734
5100, 0.854496516783
5400, 0.86094273048
5700, 0.840405319823
6000, 0.841626707681
6300, 0.834388853705
6600, 0.812494345427
6900, 0.832217497512
7200, 0.638152537773
7500, 0.563987152809
7800, 0.493033565548
8100, 0.721229530444
8400, 0.45089568443
8700, 0.743282366778
9000, 0.93994843029
9300, 0.445897041527
9600, 0.663236225459
9900, 0.716502307066
10200, 0.711639373926
10500, 0.720347416991
10800, 0.717474893694
11100, 0.679476160318
11400, 0.660047046051
11700, 0.692232877952
12000, 0.686171175247
12300, 0.70951325432
12600, 0.739550348322
12900, 0.407672125215
13200, 0.413824301095
13500, 0.54442232878
13800, 0.535555957659
14100, 0.725504387949
14400, 0.739346783679
14700, 0.711956030037
15000, 0.728173346603
15300, 0.714715461866
15600, 0.497919116982
15900, 0.639034651226
16200, 0.737718266534
16500, 0.772120691215
16800, 0.447706505021
17100, 0.715733285081
17400, 0.450352845381
17700, 0.756536686872
18000, 0.788292771193
18300, 0.796277028861
18600, 0.80261015109
18900, 0.776486021895
19200, 0.838098253868
19500, 0.868746041799
19800, 0.854225097259
20100, 0.887881118248
20400, 0.937663982629
20700, 0.824685605718
21000, 0.619560300371
21300, 0.90672215688
21600, 0.951325432009
21900, 0.942956663349
22200, 0.956052655388
