100
0, 0.252427184466
100, 0.145631067961
200, 0.252427184466
300, 0.242718446602
400, 0.0291262135922
500, 0.165048543689
600, 0.0582524271845
700, 0.0970873786408
800, 0.155339805825
900, 0.165048543689
1000, 0.0679611650485
1100, 0.165048543689
1200, 0.203883495146
1300, 0.359223300971
1400, 0.174757281553
1500, 0.174757281553
1600, 0.165048543689
1700, 0.126213592233
1800, 0.271844660194
1900, 0.165048543689
2000, 0.233009708738
2100, 0.135922330097
2200, 0.0970873786408
2300, 0.0776699029126
2400, 0.145631067961
2500, 0.300970873786
2600, 0.106796116505
2700, 0.116504854369
2800, 0.21359223301
2900, 0.165048543689
3000, 0.0970873786408
3100, 0.0776699029126
3200, 0.106796116505
3300, 0.174757281553
3400, 0.126213592233
3500, 0.135922330097
3600, 0.00970873786408
3700, 0.0485436893204
3800, 0.165048543689
3900, 0.203883495146
4000, 0.0485436893204
4100, 0.0776699029126
4200, 0.21359223301
4300, 0.271844660194
4400, 0.174757281553
4500, 0.126213592233
4600, 0.0776699029126
4700, 0.116504854369
4800, 0.126213592233
4900, 0.135922330097
5000, 0.0291262135922
5100, 0.0485436893204
5200, 0.0970873786408
5300, 0.203883495146
5400, 0.0873786407767
5500, 0.0582524271845
5600, 0.00970873786408
5700, 0.145631067961
5800, 0.242718446602
5900, 0.126213592233
6000, 0.281553398058
6100, 0.0485436893204
6200, 0.126213592233
6300, 0.116504854369
6400, 0.0582524271845
6500, 0.194174757282
6600, 0.155339805825
6700, 0.174757281553
6800, 0.0679611650485
6900, 0.194174757282
7000, 0.0388349514563
7100, 0.00970873786408
7200, 0.126213592233
7300, 0.184466019417
7400, 0.0485436893204
7500, 0.126213592233
7600, 0.116504854369
7700, 0.0970873786408
7800, 0.0776699029126
7900, 0.242718446602
8000, 0.26213592233
8100, 0.203883495146
8200, 0.0679611650485
8300, 0.155339805825
8400, 0.31067961165
8500, 0.31067961165
8600, 0.126213592233
8700, 0.21359223301
8800, 0.291262135922
8900, 0.349514563107
9000, 0.320388349515
9100, 0.145631067961
9200, 0.135922330097
9300, 0.106796116505
9400, 0.0873786407767
9500, 0.0873786407767
9600, 0.106796116505
9700, 0.165048543689
9800, 0.223300970874
9900, 0.233009708738
10000, 0.194174757282
10100, 0.0679611650485
10200, 0.203883495146
10300, 0.0679611650485
10400, 0.0776699029126
10500, 0.0485436893204
10600, 0.26213592233
10700, 0.0679611650485
10800, 0.0582524271845
10900, 0.184466019417
11000, 0.242718446602
11100, 0.184466019417
11200, 0.145631067961
11300, 0.252427184466
11400, 0.126213592233
11500, 0.242718446602
11600, 0.165048543689
11700, 0.106796116505
11800, 0.252427184466
11900, 0.320388349515
12000, 0.126213592233
12100, 0.0582524271845
12200, 0.0970873786408
12300, 0.135922330097
12400, 0.223300970874
12500, 0.0873786407767
12600, 0.0485436893204
12700, 0.0485436893204
12800, 0.223300970874
12900, 0.165048543689
13000, 0.252427184466
13100, 0.281553398058
13200, 0.165048543689
13300, 0.21359223301
13400, 0.145631067961
13500, 0.0873786407767
13600, 0.116504854369
13700, 0.194174757282
13800, 0.126213592233
13900, 0.0485436893204
14000, 0.145631067961
14100, 0.271844660194
14200, 0.330097087379
14300, 0.0582524271845
14400, 0.174757281553
14500, 0.135922330097
14600, 0.0485436893204
14700, 0.106796116505
14800, 0.0485436893204
14900, 0.145631067961
15000, 0.21359223301
15100, 0.582524271845
15200, 0.233009708738
15300, 0.203883495146
15400, 0.126213592233
15500, 0.135922330097
15600, 0.116504854369
15700, 0.0194174757282
15800, 0.0485436893204
15900, 0.145631067961
16000, 0.0194174757282
16100, 0.116504854369
16200, 0.0582524271845
16300, 0.155339805825
16400, 0.0485436893204
16500, 0.145631067961
16600, 0.233009708738
16700, 0.106796116505
16800, 0.0194174757282
16900, 0.0291262135922
17000, 0.106796116505
17100, 0.0679611650485
17200, 0.0194174757282
17300, 0.0873786407767
17400, 0.116504854369
17500, 0.00970873786408
17600, 0.0776699029126
17700, 0.0776699029126
17800, 0.0970873786408
17900, 0.0873786407767
18000, 0.0291262135922
18100, 0.116504854369
18200, 0.0679611650485
18300, 0.106796116505
18400, 0.116504854369
18500, 0.0679611650485
18600, 0.155339805825
18700, 0.271844660194
18800, 0.0194174757282
18900, 0.135922330097
19000, 0.0776699029126
19100, 0.0873786407767
19200, 0.26213592233
19300, 0.300970873786
19400, 0.291262135922
19500, 0.252427184466
19600, 0.155339805825
19700, 0.233009708738
19800, 0.135922330097
19900, 0.145631067961
20000, 0.0582524271845
20100, 0.116504854369
20200, 0.0873786407767
20300, 0.135922330097
20400, 0.0776699029126
20500, 0.135922330097
20600, 0.26213592233
20700, 0.194174757282
20800, 0.106796116505
20900, 0.0873786407767
21000, 0.155339805825
21100, 0.0388349514563
21200, 0.184466019417
21300, 0.26213592233
21400, 0.233009708738
21500, 0.0970873786408
21600, 0.165048543689
21700, 0.145631067961
21800, 0.0873786407767
21900, 0.300970873786
22000, 0.0485436893204
22100, 0.233009708738
22200, 0.174757281553
22300, 0.165048543689
22400, 0.145631067961
22500, 0.26213592233
22600, 0.165048543689
22700, 0.174757281553
22800, 0.145631067961
22900, 0.0873786407767
23000, 0.135922330097
23100, 0.126213592233
23200, 0.0873786407767
23300, 0.242718446602
23400, 0.271844660194
23500, 0.184466019417
23600, 0.223300970874
23700, 0.320388349515
23800, 0.116504854369
23900, 0.320388349515
24000, 0.26213592233
24100, 0.194174757282
24200, 0.291262135922
24300, 0.233009708738
24400, 0.26213592233
24500, 0.31067961165
24600, 0.330097087379
24700, 0.504854368932
24800, 0.194174757282
24900, 0.252427184466
25000, 0.388349514563
25100, 0.233009708738
25200, 0.252427184466
25300, 0.427184466019
25400, 0.233009708738
25500, 0.427184466019
25600, 0.31067961165
25700, 0.126213592233
25800, 0.242718446602
25900, 0.533980582524
26000, 0.407766990291
26100, 0.52427184466
26200, 0.466019417476
26300, 0.291262135922
26400, 0.281553398058
26500, 0.291262135922
26600, 0.291262135922
26700, 0.223300970874
26800, 0.252427184466
26900, 0.495145631068
27000, 0.650485436893
27100, 0.31067961165
27200, 0.446601941748
27300, 0.359223300971
27400, 0.601941747573
27500, 0.330097087379
27600, 0.699029126214
27700, 0.388349514563
27800, 0.21359223301
27900, 0.427184466019
28000, 0.466019417476
28100, 0.417475728155
28200, 0.388349514563
28300, 0.485436893204
28400, 0.368932038835
28500, 0.320388349515
28600, 0.271844660194
28700, 0.300970873786
28800, 0.427184466019
28900, 0.145631067961
29000, 0.533980582524
29100, 0.330097087379
29200, 0.407766990291
29300, 0.47572815534
29400, 0.466019417476
29500, 0.834951456311
29600, 0.456310679612
29700, 0.504854368932
29800, 0.533980582524
29900, 0.766990291262
30000, 0.427184466019
30100, 0.572815533981
30200, 0.26213592233
30300, 0.165048543689
30400, 0.427184466019
30500, 0.339805825243
30600, 0.398058252427
30700, 0.679611650485
30800, 0.52427184466
30900, 0.631067961165
31000, 0.514563106796
31100, 0.368932038835
31200, 0.21359223301
31300, 0.514563106796
31400, 0.68932038835
31500, 0.592233009709
31600, 0.504854368932
31700, 0.592233009709
31800, 0.514563106796
31900, 0.572815533981
32000, 0.766990291262
32100, 0.456310679612
32200, 0.466019417476
32300, 0.368932038835
32400, 0.73786407767
32500, 0.572815533981
32600, 0.815533980583
32700, 0.640776699029
32800, 0.592233009709
32900, 0.776699029126
33000, 0.398058252427
33100, 0.47572815534
33200, 0.485436893204
33300, 0.864077669903
33400, 0.407766990291
33500, 0.281553398058
33600, 0.184466019417
33700, 0.417475728155
33800, 0.504854368932
33900, 0.417475728155
34000, 0.553398058252
34100, 0.446601941748
34200, 0.466019417476
34300, 0.466019417476
34400, 0.679611650485
34500, 0.621359223301
34600, 0.669902912621
34700, 0.436893203883
34800, 0.349514563107
34900, 0.281553398058
35000, 0.68932038835
35100, 0.281553398058
35200, 0.582524271845
35300, 0.388349514563
35400, 0.0582524271845
35500, 0.73786407767
35600, 0.582524271845
35700, 0.466019417476
35800, 0.543689320388
35900, 0.553398058252
36000, 0.592233009709
36100, 0.572815533981
36200, 0.543689320388
36300, 0.504854368932
36400, 0.572815533981
36500, 0.320388349515
36600, 0.582524271845
36700, 0.466019417476
36800, 0.601941747573
36900, 0.388349514563
37000, 0.640776699029
37100, 0.650485436893
37200, 0.339805825243
37300, 0.650485436893
37400, 0.660194174757
37500, 0.728155339806
37600, 0.776699029126
37700, 0.456310679612
37800, 0.330097087379
37900, 0.757281553398
38000, 0.776699029126
38100, 0.466019417476
38200, 0.514563106796
38300, 0.446601941748
38400, 0.543689320388
38500, 0.407766990291
38600, 0.611650485437
38700, 0.669902912621
38800, 0.388349514563
38900, 0.359223300971
39000, 0.378640776699
39100, 0.611650485437
39200, 0.631067961165
39300, 0.805825242718
39400, 0.242718446602
39500, 0.990291262136
39600, 0.514563106796
39700, 0.679611650485
39800, 0.796116504854
39900, 0.611650485437
40000, 0.601941747573
40100, 0.961165048544
40200, 0.504854368932
40300, 0.912621359223
40400, 0.844660194175
40500, 0.592233009709
40600, 0.495145631068
40700, 0.116504854369
40800, 0.359223300971
40900, 0.427184466019
41000, 0.912621359223
41100, 0.766990291262
41200, 0.330097087379
41300, 0.78640776699
41400, 0.582524271845
41500, 0.640776699029
41600, 0.660194174757
41700, 0.330097087379
41800, 0.407766990291
41900, 0.631067961165
42000, 0.78640776699
42100, 0.378640776699
42200, 0.378640776699
42300, 0.747572815534
42400, 0.708737864078
42500, 0.456310679612
42600, 0.631067961165
42700, 0.893203883495
42800, 0.834951456311
42900, 0.640776699029
43000, 0.52427184466
43100, 0.47572815534
43200, 0.728155339806
43300, 0.669902912621
43400, 0.271844660194
43500, 0.504854368932
43600, 0.52427184466
43700, 0.47572815534
43800, 0.78640776699
43900, 0.359223300971
44000, 0.485436893204
44100, 0.359223300971
44200, 0.495145631068
44300, 0.456310679612
44400, 0.349514563107
44500, 0.300970873786
44600, 0.582524271845
44700, 0.572815533981
44800, 0.330097087379
44900, 0.446601941748
45000, 0.533980582524
45100, 0.844660194175
45200, 0.446601941748
45300, 0.514563106796
45400, 0.456310679612
45500, 0.640776699029
45600, 0.330097087379
45700, 0.417475728155
45800, 0.417475728155
45900, 0.427184466019
46000, 0.388349514563
46100, 0.572815533981
46200, 0.776699029126
46300, 0.747572815534
46400, 0.320388349515
46500, 0.378640776699
46600, 0.533980582524
46700, 0.52427184466
46800, 0.349514563107
46900, 0.582524271845
47000, 0.572815533981
47100, 0.766990291262
47200, 0.592233009709
47300, 0.718446601942
47400, 0.52427184466
47500, 0.611650485437
47600, 0.757281553398
47700, 0.485436893204
47800, 0.631067961165
47900, 0.631067961165
48000, 0.359223300971
48100, 0.621359223301
48200, 0.339805825243
48300, 0.553398058252
48400, 0.553398058252
48500, 0.427184466019
48600, 0.621359223301
48700, 0.68932038835
48800, 0.427184466019
48900, 0.611650485437
49000, 0.485436893204
49100, 0.78640776699
49200, 0.582524271845
49300, 0.611650485437
49400, 0.844660194175
49500, 0.766990291262
49600, 0.563106796117
49700, 0.902912621359
49800, 0.805825242718
49900, 0.640776699029
50000, 0.95145631068
50100, 0.611650485437
50200, 0.660194174757
50300, 0.669902912621
50400, 0.572815533981
50500, 0.291262135922
50600, 0.563106796117
50700, 0.407766990291
50800, 0.815533980583
50900, 0.78640776699
51000, 0.932038834951
51100, 0.747572815534
51200, 0.592233009709
51300, 0.699029126214
51400, 0.766990291262
51500, 0.388349514563
51600, 0.631067961165
51700, 0.873786407767
51800, 0.47572815534
51900, 0.456310679612
52000, 0.504854368932
52100, 0.864077669903
52200, 0.640776699029
52300, 0.572815533981
52400, 0.436893203883
52500, 0.456310679612
52600, 0.194174757282
52700, 0.31067961165
52800, 0.359223300971
52900, 0.203883495146
53000, 0.436893203883
53100, 0.504854368932
53200, 0.436893203883
53300, 0.417475728155
53400, 0.533980582524
53500, 0.436893203883
53600, 0.271844660194
53700, 0.252427184466
53800, 0.572815533981
53900, 0.330097087379
54000, 0.368932038835
54100, 0.47572815534
54200, 0.427184466019
54300, 0.281553398058
54400, 0.252427184466
54500, 0.368932038835
54600, 0.21359223301
54700, 0.398058252427
54800, 0.553398058252
54900, 0.349514563107
55000, 0.669902912621
55100, 0.271844660194
55200, 0.31067961165
55300, 0.407766990291
55400, 0.495145631068
55500, 0.533980582524
55600, 0.52427184466
55700, 0.174757281553
55800, 0.504854368932
55900, 0.26213592233
56000, 0.174757281553
56100, 0.339805825243
56200, 0.669902912621
56300, 0.553398058252
56400, 0.339805825243
56500, 0.611650485437
56600, 0.252427184466
56700, 0.592233009709
56800, 0.359223300971
56900, 1.0
57000, 0.368932038835
57100, 0.601941747573
57200, 0.504854368932
57300, 0.669902912621
57400, 0.650485436893
57500, 0.47572815534
57600, 0.359223300971
57700, 0.320388349515
57800, 0.398058252427
57900, 0.572815533981
58000, 0.679611650485
58100, 0.78640776699
58200, 0.466019417476
58300, 0.388349514563
58400, 0.165048543689
58500, 0.398058252427
58600, 0.844660194175
58700, 0.553398058252
58800, 0.349514563107
58900, 0.398058252427
59000, 0.640776699029
59100, 0.572815533981
59200, 0.466019417476
59300, 0.291262135922
59400, 0.203883495146
59500, 0.174757281553
59600, 0.47572815534
59700, 0.533980582524
59800, 0.466019417476
59900, 0.242718446602
60000, 0.339805825243
60100, 0.47572815534
60200, 0.330097087379
60300, 0.339805825243
60400, 0.145631067961
60500, 0.31067961165
60600, 0.26213592233
60700, 0.398058252427
60800, 0.466019417476
60900, 0.456310679612
61000, 0.330097087379
61100, 0.320388349515
61200, 0.203883495146
61300, 0.378640776699
61400, 0.145631067961
61500, 0.320388349515
61600, 0.572815533981
61700, 0.407766990291
61800, 0.184466019417
61900, 0.47572815534
62000, 0.640776699029
62100, 0.398058252427
62200, 0.378640776699
62300, 0.31067961165
62400, 0.0776699029126
62500, 0.194174757282
62600, 0.0485436893204
62700, 0.388349514563
62800, 0.300970873786
62900, 0.388349514563
63000, 0.339805825243
63100, 0.446601941748
63200, 0.135922330097
63300, 0.504854368932
63400, 0.281553398058
63500, 0.223300970874
63600, 0.165048543689
63700, 0.145631067961
63800, 0.252427184466
63900, 0.203883495146
64000, 0.291262135922
64100, 0.233009708738
64200, 0.26213592233
64300, 0.223300970874
64400, 0.203883495146
64500, 0.320388349515
64600, 0.281553398058
64700, 0.359223300971
64800, 0.417475728155
64900, 0.184466019417
65000, 0.281553398058
65100, 0.281553398058
65200, 0.330097087379
65300, 0.194174757282
65400, 0.300970873786
65500, 0.621359223301
65600, 0.485436893204
65700, 0.281553398058
65800, 0.184466019417
65900, 0.203883495146
66000, 0.330097087379
66100, 0.155339805825
66200, 0.0970873786408
66300, 0.184466019417
66400, 0.47572815534
66500, 0.135922330097
66600, 0.291262135922
66700, 0.368932038835
66800, 0.174757281553
66900, 0.330097087379
67000, 0.203883495146
67100, 0.349514563107
67200, 0.582524271845
67300, 0.368932038835
67400, 0.174757281553
67500, 0.427184466019
67600, 0.398058252427
67700, 0.116504854369
67800, 0.174757281553
67900, 0.184466019417
68000, 0.145631067961
68100, 0.233009708738
68200, 0.194174757282
68300, 0.203883495146
68400, 0.184466019417
68500, 0.233009708738
68600, 0.320388349515
68700, 0.203883495146
68800, 0.281553398058
68900, 0.116504854369
69000, 0.135922330097
69100, 0.349514563107
69200, 0.174757281553
69300, 0.359223300971
69400, 0.320388349515
69500, 0.417475728155
69600, 0.495145631068
69700, 0.223300970874
69800, 0.116504854369
69900, 0.0970873786408
70000, 0.0485436893204
70100, 0.0485436893204
70200, 0.0679611650485
70300, 0.21359223301
70400, 0.0485436893204
70500, 0.184466019417
70600, 0.155339805825
70700, 0.126213592233
70800, 0.194174757282
70900, 0.116504854369
71000, 0.291262135922
71100, 0.271844660194
71200, 0.135922330097
71300, 0.0873786407767
71400, 0.145631067961
71500, 0.0582524271845
71600, 0.145631067961
71700, 0.194174757282
71800, 0.0291262135922
71900, 0.0485436893204
72000, 0.106796116505
72100, 0.116504854369
72200, 0.26213592233
72300, 0.155339805825
72400, 0.281553398058
72500, 0.271844660194
72600, 0.184466019417
72700, 0.0679611650485
72800, 0.165048543689
72900, 0.436893203883
73000, 0.660194174757
73100, 0.0679611650485
73200, 0.223300970874
73300, 0.184466019417
73400, 0.291262135922
73500, 0.233009708738
73600, 0.174757281553
73700, 0.223300970874
73800, 0.271844660194
73900, 0.145631067961
74000, 0.145631067961
74100, 0.203883495146
74200, 0.174757281553
74300, 0.233009708738
74400, 0.378640776699
74500, 0.223300970874
74600, 0.21359223301
74700, 0.330097087379
74800, 0.223300970874
74900, 0.339805825243
75000, 0.252427184466
75100, 0.252427184466
75200, 0.252427184466
75300, 0.203883495146
75400, 0.291262135922
75500, 0.194174757282
75600, 0.291262135922
75700, 0.0776699029126
75800, 0.174757281553
75900, 0.194174757282
76000, 0.135922330097
76100, 0.145631067961
76200, 0.291262135922
76300, 0.223300970874
76400, 0.252427184466
76500, 0.194174757282
76600, 0.339805825243
76700, 0.106796116505
76800, 0.203883495146
76900, 0.116504854369
77000, 0.242718446602
77100, 0.368932038835
77200, 0.116504854369
77300, 0.233009708738
77400, 0.116504854369
77500, 0.116504854369
77600, 0.184466019417
77700, 0.0388349514563
77800, 0.165048543689
77900, 0.0388349514563
78000, 0.291262135922
78100, 0.223300970874
78200, 0.21359223301
78300, 0.242718446602
78400, 0.233009708738
78500, 0.252427184466
78600, 0.203883495146
78700, 0.184466019417
78800, 0.21359223301
78900, 0.0970873786408
79000, 0.116504854369
79100, 0.0873786407767
79200, 0.126213592233
79300, 0.0873786407767
79400, 0.223300970874
79500, 0.368932038835
79600, 0.126213592233
79700, 0.155339805825
79800, 0.281553398058
79900, 0.145631067961
80000, 0.300970873786
80100, 0.0679611650485
80200, 0.339805825243
80300, 0.26213592233
80400, 0.194174757282
80500, 0.0873786407767
80600, 0.0291262135922
80700, 0.252427184466
80800, 0.330097087379
80900, 0.320388349515
81000, 0.26213592233
81100, 0.31067961165
81200, 0.368932038835
81300, 0.174757281553
81400, 0.116504854369
81500, 0.233009708738
81600, 0.0582524271845
81700, 0.126213592233
81800, 0.291262135922
81900, 0.126213592233
82000, 0.174757281553
82100, 0.174757281553
82200, 0.194174757282
82300, 0.126213592233
82400, 0.155339805825
82500, 0.0679611650485
82600, 0.126213592233
82700, 0.135922330097
82800, 0.116504854369
82900, 0.155339805825
83000, 0.184466019417
83100, 0.106796116505
83200, 0.0970873786408
83300, 0.252427184466
83400, 0.126213592233
83500, 0.0970873786408
83600, 0.0970873786408
83700, 0.126213592233
83800, 0.106796116505
83900, 0.00970873786408
84000, 0.0970873786408
84100, 0.135922330097
84200, 0.0194174757282
84300, 0.407766990291
84400, 0.184466019417
84500, 0.126213592233
84600, 0.0873786407767
84700, 0.155339805825
84800, 0.0873786407767
84900, 0.155339805825
85000, 0.174757281553
85100, 0.252427184466
85200, 0.0970873786408
85300, 0.21359223301
85400, 0.0776699029126
85500, 0.242718446602
85600, 0.242718446602
85700, 0.0776699029126
85800, 0.0485436893204
85900, 0.174757281553
86000, 0.252427184466
86100, 0.0776699029126
86200, 0.145631067961
